level
11000
11100
00001
01111
00111
level
01111
00111
01010
11000
11000
level
0000000100
0011000000
0111110111
1111000111
0001000111
0001100111
0001111111
0000111111
1010101111
0000000111
level
0111111011
0100000011
1100000011
1010001111
1011001111
1010001111
1100001111
1100001111
1000010000
0000110000
level
0001111100
0001111100
0111011100
1110000101
1110000100
1110001100
0000011111
0000011111
0000111111
0001111000
level
1111001111
1110000011
1110000111
1100010101
1001111111
1101111100
1100000001
1000010000
0000010001
0000110101
level
001100111111111
001110010111111
000011110001110
110111100001100
000000010001100
100011111000100
000110001111111
000110111100011
001110011111101
000010011000000
100000011010000
100000011110000
000000010111000
011111111111100
011111111111100
level
000001100000011
000001100000011
000000000000111
110000001100011
110000001110011
100000000111000
000001110111000
000011111111000
000011011111100
000111001111101
000111011111111
000111111111000
011111111110000
111111111111000
111111111111000
level
111111111110000
111111100100000
111111110010000
110011110100000
000001111111000
000001111111000
111001111011000
111111111000000
100011110000000
000111111000000
000010000001110
000000001001100
000111110000111
001111111000011
111111111000011
level
000000011110111
010000111111111
000001111111000
111000011111000
110001001111000
100000001111000
100000000000000
111000110001100
111111110000100
111110110001100
111110000011101
111011000011111
101011000001011
101111000011011
101111000111000