save
hristina
2
2
0000000000
0000000000
0000000000
0000000000
0000000000
1000000000
0000000000
0000000000
0000000000
0000000000
save
vladeto
2
2
0000000000
0000000000
0000000000
0000000000
0000000000
0000000000
0000000000
0000000000
0000000000
0000000000
save
krasi
1
1
10000
00000
00000
00000
00000
save
papancho
2
2
0000000000
0000000000
0000000000
1000000000
1000000000
0000000000
0000000000
0000000000
0000000000
0000000000
save
daniel
2
2
2111111211
2120000000
1120000000
1200000000
1000000000
1000000000
1120000000
1000000000
1000000000
2000000000
save
dankata
2
2
0010100000
0000000000
0000000000
0000000001
0000000001
0000000000
0000000000
0000000000
0000000000
0000000000
save
turkish
2
1
0000000000
0000000000
0000000000
0000000000
0000000000
0000000000
0000110000
0000000000
0000000000
0000000000
save
arabic
2
2
0000100000
0000000000
0000000000
0000000000
1000000000
1000000000
0000000000
0000000000
0000000000
0000000000
save
12345678
1
1
00000
00000
00000
00000
00000
save
tyranin
1
1
10000
11122
20000
20000
20000
save
ivanko
1
1
11222
11122
22221
20000
20000
save
ivank4o
2
2
0000000000
0000000000
0000000000
0000000000
1000000000
1000000000
0000000000
0000000000
0000000000
0000000000
